{
 "cells": [
  {
   "cell_type": "code",
   "execution_count": 3,
   "metadata": {},
   "outputs": [],
   "source": [
    "%matplotlib inline\n",
    "import numpy as np\n",
    "import random\n",
    "import matplotlib.pyplot as plt"
   ]
  },
  {
   "cell_type": "markdown",
   "metadata": {},
   "source": [
    "#  Random Data Generator"
   ]
  },
  {
   "cell_type": "markdown",
   "metadata": {},
   "source": [
    "a. Univariate gaussian data generator"
   ]
  },
  {
   "cell_type": "code",
   "execution_count": 2,
   "metadata": {},
   "outputs": [],
   "source": [
    "def UGDG(m,s):\n",
    "    U = random.uniform(0, 1)\n",
    "    V = random.uniform(0, 1)\n",
    "    z = np.sqrt(-2*np.log(U))*np.cos(2*np.pi*V)\n",
    "    X = m + s*z\n",
    "    return X"
   ]
  },
  {
   "cell_type": "markdown",
   "metadata": {},
   "source": [
    "b. Polynomial basis linear model data generator"
   ]
  },
  {
   "cell_type": "code",
   "execution_count": 4,
   "metadata": {},
   "outputs": [],
   "source": [
    "def PBLM(n, a, w):\n",
    "    x = random.uniform(-1, 1)\n",
    "    e = np.random.normal(0, a, 1)\n",
    "    y = 0\n",
    "    for i in range(n):\n",
    "        y = w[0][i]*pow(x,i) + y\n",
    "    y = y + e\n",
    "    return x,y"
   ]
  },
  {
   "cell_type": "markdown",
   "metadata": {},
   "source": [
    "# Sequential Estimator"
   ]
  },
  {
   "cell_type": "code",
   "execution_count": 3,
   "metadata": {
    "scrolled": true
   },
   "outputs": [
    {
     "name": "stdout",
     "output_type": "stream",
     "text": [
      "Data point source function: N( 3.0 ,  5.0 )\n",
      " \n",
      "Add data point:  3.4848223744366154\n",
      "Mean = 3.2424111872183077    Variance = 0.34282118863509203\n",
      "\n",
      "Add data point:  2.6214596415040576\n",
      "Mean = 3.035427338646891    Variance = 0.43277029056636285\n",
      "\n",
      "Add data point:  -0.04214099079836808\n",
      "Mean = 2.2660352562855763    Variance = 1.5788339965089373\n",
      "\n",
      "Add data point:  6.615238290503027\n",
      "Mean = 3.1358758631290664    Variance = 2.3775304410182727\n",
      "\n",
      "Add data point:  9.781655551126267\n",
      "Mean = 4.2435058111286    Variance = 3.447199647338043\n",
      "\n",
      "Add data point:  -4.100352626614606\n",
      "Mean = 3.0515260343081416    Variance = 4.4551503931534775\n",
      "\n",
      "Add data point:  -8.921078786645378\n",
      "Mean = 1.5549504316889518    Variance = 5.910227794468707\n",
      "\n",
      "Add data point:  -0.041820803885991964\n",
      "Mean = 1.377531405513958    Variance = 5.554074279962106\n",
      "\n",
      "Add data point:  9.140528911191634\n",
      "Mean = 2.1538311560817256    Variance = 5.783305918326325\n",
      "\n",
      "Add data point:  3.768299680445961\n",
      "Mean = 2.3006010219330197    Variance = 5.508077699088453\n",
      "\n",
      "Add data point:  3.082623511957043\n",
      "Mean = 2.365769562768355    Variance = 5.256595816013903\n",
      "\n",
      "Add data point:  -0.04517254586999808\n",
      "Mean = 2.1803124774884814    Variance = 5.077034164231142\n",
      "\n",
      "Add data point:  -1.6201601134742392\n",
      "Mean = 1.9088501495625727    Variance = 4.982486386064538\n",
      "\n",
      "Add data point:  6.484937372097584\n",
      "Mean = 2.2139226310649067    Variance = 4.944490105293528\n",
      "\n",
      "Add data point:  2.016876545443251\n",
      "Mean = 2.201607250713553    Variance = 4.7770852625229265\n",
      "\n",
      "Add data point:  1.4317187755836107\n",
      "Mean = 2.1563196933529682    Variance = 4.629160398879486\n",
      "\n",
      "Add data point:  10.795749657312637\n",
      "Mean = 2.636288024684061    Variance = 4.931048768625523\n",
      "\n",
      "Add data point:  11.474268938175392\n",
      "Mean = 3.101444914867815    Variance = 5.203406855158508\n",
      "\n",
      "Add data point:  3.629128135606032\n",
      "Mean = 3.127829075904726    Variance = 5.065998625033402\n",
      "\n",
      "Add data point:  1.3257689635729017\n",
      "Mean = 3.0420166896032104    Variance = 4.953358864840733\n",
      "\n"
     ]
    }
   ],
   "source": [
    "n = 1\n",
    "m0 = m = 3.0\n",
    "s0 = s = 5.0\n",
    "print(\"Data point source function: N(\",m, \", \",s,\")\")\n",
    "print(\" \")\n",
    "x = UGDG(m0,s0)\n",
    "while ((np.square(m-m0)+np.square(s-s0)) >= 0):\n",
    "    n += 1\n",
    "    x = UGDG(m0,s0)\n",
    "    print(\"Add data point: \",x)\n",
    "    mnew = m  + (x-m)/n\n",
    "    s2new = np.square(s) + (np.square(x-m)/n) - (np.square(s)/(n-1))\n",
    "    snew = np.sqrt(s2new)\n",
    "    m = mnew\n",
    "    s = snew\n",
    "    print(\"Mean =\",m,\"   Variance =\" ,s)\n",
    "    print(\"\")\n",
    "    if (np.square(m-m0)+np.square(s-s0)) < 0.01 :\n",
    "        break\n",
    "    "
   ]
  },
  {
   "cell_type": "markdown",
   "metadata": {},
   "source": [
    "# Baysian Linear regression"
   ]
  },
  {
   "cell_type": "code",
   "execution_count": 9,
   "metadata": {
    "scrolled": true
   },
   "outputs": [
    {
     "name": "stdout",
     "output_type": "stream",
     "text": [
      "Add data point ( -0.6195232929672856 , 0.7565006349209225 ):\n",
      "\n",
      "Postirior mean: \n",
      " [[ 0.29234963]\n",
      " [-0.1811174 ]\n",
      " [ 0.11220645]\n",
      " [-0.06951451]]\n",
      "\n",
      "Posterior variance: \n",
      " [[ 0.61355006  0.23941474 -0.14832301  0.09188956]\n",
      " [ 0.23941474  0.85167699  0.09188956 -0.05692772]\n",
      " [-0.14832301  0.09188956  0.94307228  0.03526805]\n",
      " [ 0.09188956 -0.05692772  0.03526805  0.97815062]]\n",
      "\n",
      "Predictive distribution ~ N( 0.0 , 2.5876572464311494 )\n",
      "---------------------------------------------------------------\n",
      "Add data point ( 0.7022763226117004 , 4.960897846647174 ):\n",
      "\n",
      "Postirior mean: \n",
      " [[1.60759731]\n",
      " [1.35222897]\n",
      " [0.81132892]\n",
      " [0.65546303]]\n",
      "\n",
      "Posterior variance: \n",
      " [[ 0.40917161  0.00114558 -0.25696077 -0.02076587]\n",
      " [ 0.00114558  0.57389726 -0.03476288 -0.18826404]\n",
      " [-0.25696077 -0.03476288  0.88532566 -0.02461416]\n",
      " [-0.02076587 -0.18826404 -0.02461416  0.91605384]]\n",
      "\n",
      "Predictive distribution ~ N( 0.19641764819410834 , 2.6819524050659798 )\n",
      "---------------------------------------------------------------\n",
      "Add data point ( 0.059047875456210486 , 2.106191129357767 ):\n",
      "\n",
      "Postirior mean: \n",
      " [[1.72805197]\n",
      " [1.36251606]\n",
      " [0.73583243]\n",
      " [0.64608844]]\n",
      "\n",
      "Posterior variance: \n",
      " [[ 0.29087373 -0.00895731 -0.18281608 -0.01155913]\n",
      " [-0.00895731  0.57303445 -0.02843076 -0.18747777]\n",
      " [-0.18281608 -0.02843076  0.83885453 -0.0303846 ]\n",
      " [-0.01155913 -0.18747777 -0.0303846   0.91533731]]\n",
      "\n",
      "Predictive distribution ~ N( 1.69040732189936 , 1.40949933273411 )\n",
      "---------------------------------------------------------------\n",
      "Add data point ( -0.12665489563443244 , -0.643117592580885 ):\n",
      "\n",
      "Postirior mean: \n",
      " [[1.23555717]\n",
      " [1.50154296]\n",
      " [1.01810559]\n",
      " [0.6293277 ]]\n",
      "\n",
      "Posterior variance: \n",
      " [[ 0.22642199  0.00923684 -0.14587559 -0.01375257]\n",
      " [ 0.00923684  0.5678984  -0.03885873 -0.18685858]\n",
      " [-0.14587559 -0.03885873  0.81768211 -0.02912743]\n",
      " [-0.01375257 -0.18685858 -0.02912743  0.91526266]]\n",
      "\n",
      "Predictive distribution ~ N( 1.5659737868831083 , 1.296757373168095 )\n",
      "---------------------------------------------------------------\n",
      "Add data point ( 0.6440835052943683 , 5.835800947840701 ):\n",
      "\n",
      "Postirior mean: \n",
      " [[1.58603121]\n",
      " [2.14539361]\n",
      " [1.35262208]\n",
      " [0.83430958]]\n",
      "\n",
      "Posterior variance: \n",
      " [[ 0.20704949 -0.02635209 -0.16436604 -0.02508298]\n",
      " [-0.02635209  0.50251849 -0.07282726 -0.20767349]\n",
      " [-0.16436604 -0.07282726  0.80003355 -0.03994194]\n",
      " [-0.02508298 -0.20767349 -0.03994194  0.90863584]]\n",
      "\n",
      "Predictive distribution ~ N( 2.7931832885234176 , 1.460053655406288 )\n",
      "---------------------------------------------------------------\n",
      "Add data point ( 0.5250531823220226 , 1.627709622536156 ):\n",
      "\n",
      "Postirior mean: \n",
      " [[1.40298141]\n",
      " [1.90767167]\n",
      " [1.33718304]\n",
      " [0.85157977]]\n",
      "\n",
      "Posterior variance: \n",
      " [[ 0.19031849 -0.0480802  -0.16577719 -0.02350446]\n",
      " [-0.0480802   0.47430077 -0.07465988 -0.20562351]\n",
      " [-0.16577719 -0.07465988  0.79991453 -0.03980881]\n",
      " [-0.02350446 -0.20562351 -0.03980881  0.90848691]]\n",
      "\n",
      "Predictive distribution ~ N( 3.206132843437651 , 1.2440280753081483 )\n",
      "---------------------------------------------------------------\n",
      "Add data point ( 0.6096520248304709 , 4.811140158579706 ):\n",
      "\n",
      "Postirior mean: \n",
      " [[1.52153959]\n",
      " [2.11782349]\n",
      " [1.43422588]\n",
      " [0.9047647 ]]\n",
      "\n",
      "Posterior variance: \n",
      " [[ 0.18314752 -0.0607912  -0.17164681 -0.02672134]\n",
      " [-0.0607912   0.45176972 -0.08506416 -0.21132564]\n",
      " [-0.17164681 -0.08506416  0.7951101  -0.04244191]\n",
      " [-0.02672134 -0.21132564 -0.04244191  0.90704383]]\n",
      "\n",
      "Predictive distribution ~ N( 3.255957424267394 , 1.233894698645599 )\n",
      "---------------------------------------------------------------\n",
      "Add data point ( -0.868259683588344 , 0.6493007022792989 ):\n",
      "\n",
      "Postirior mean: \n",
      " [[1.54897309]\n",
      " [2.03402202]\n",
      " [1.55133096]\n",
      " [0.80103337]]\n",
      "\n",
      "Posterior variance: \n",
      " [[ 1.76023394e-01 -3.90290495e-02 -2.02057480e-01  2.16333336e-04]\n",
      " [-3.90290495e-02  3.85292578e-01  7.83171986e-03 -2.93612527e-01]\n",
      " [-2.02057480e-01  7.83171986e-03  6.65296391e-01  7.25466808e-02]\n",
      " [ 2.16333336e-04 -2.93612527e-01  7.25466808e-02  8.05187286e-01]]\n",
      "\n",
      "Predictive distribution ~ N( 0.17172367249178733 , 2.1590162320305364 )\n",
      "---------------------------------------------------------------\n",
      "Add data point ( -0.15976398109435164 , 0.35507657876758963 ):\n",
      "\n",
      "Postirior mean: \n",
      " [[1.41402106]\n",
      " [2.10960384]\n",
      " [1.69353931]\n",
      " [0.76621472]]\n",
      "\n",
      "Posterior variance: \n",
      " [[ 0.14962216 -0.02424266 -0.17423666 -0.00659539]\n",
      " [-0.02424266  0.37701125 -0.00774973 -0.28979753]\n",
      " [-0.17423666 -0.00774973  0.63597965  0.07972466]\n",
      " [-0.00659539 -0.28979753  0.07972466  0.80342981]]\n",
      "\n",
      "Predictive distribution ~ N( 1.2603400892453336 , 1.1879973468879972 )\n",
      "---------------------------------------------------------------\n",
      "Add data point ( -0.6483376030547399 , -1.2287768132618144 ):\n",
      "\n",
      "Postirior mean: \n",
      " [[1.2806905 ]\n",
      " [2.38358917]\n",
      " [1.58506976]\n",
      " [0.77210822]]\n",
      "\n",
      "Posterior variance: \n",
      " [[ 0.14258129 -0.00977415 -0.17996468 -0.00628416]\n",
      " [-0.00977415  0.34727943  0.00402096 -0.29043706]\n",
      " [-0.17996468  0.00402096  0.63131969  0.07997786]\n",
      " [-0.00628416 -0.29043706  0.07997786  0.80341605]]\n",
      "\n",
      "Predictive distribution ~ N( 0.5493393097416739 , 1.2522383862101634 )\n",
      "---------------------------------------------------------------\n",
      "Add data point ( 0.5620813099073954 , 4.418487740092409 ):\n",
      "\n",
      "Postirior mean: \n",
      " [[1.35939744]\n",
      " [2.51801279]\n",
      " [1.6208389 ]\n",
      " [0.77052259]]\n",
      "\n",
      "Posterior variance: \n",
      " [[ 1.37213947e-01 -1.89410373e-02 -1.82403919e-01 -6.17603396e-03]\n",
      " [-1.89410373e-02  3.31623300e-01 -1.45023222e-04 -2.90252388e-01]\n",
      " [-1.82403919e-01 -1.45023222e-04  6.30211153e-01  8.00269965e-02]\n",
      " [-6.17603396e-03 -2.90252388e-01  8.00269965e-02  8.03413876e-01]]\n",
      "\n",
      "Predictive distribution ~ N( 3.2583531145434628 , 1.1661384661309362 )\n",
      "---------------------------------------------------------------\n",
      "Add data point ( 0.2987567708508614 , 0.8371174121275831 ):\n",
      "\n",
      "Postirior mean: \n",
      " [[1.21194219]\n",
      " [2.42529316]\n",
      " [1.7797635 ]\n",
      " [0.85292188]]\n",
      "\n",
      "Posterior variance: \n",
      " [[ 1.25424859e-01 -2.63539975e-02 -1.69697853e-01  4.11812177e-04]\n",
      " [-2.63539975e-02  3.26962043e-01  7.84453093e-03 -2.86109961e-01]\n",
      " [-1.69697853e-01  7.84453093e-03  6.16516786e-01  7.29267353e-02]\n",
      " [ 4.11812177e-04 -2.86109961e-01  7.29267353e-02  7.99732529e-01]]\n",
      "\n",
      "Predictive distribution ~ N( 2.2768863122363263 , 1.1239456077094732 )\n",
      "---------------------------------------------------------------\n",
      "Add data point ( -0.8903091374808165 , 0.6027436119090135 ):\n",
      "\n",
      "Postirior mean: \n",
      " [[1.21892469]\n",
      " [2.37110191]\n",
      " [1.90890895]\n",
      " [0.72828963]]\n",
      "\n",
      "Posterior variance: \n",
      " [[ 0.12529216 -0.02532416 -0.1721521   0.00278029]\n",
      " [-0.02532416  0.31896948  0.02689195 -0.30449174]\n",
      " [-0.1721521   0.02689195  0.57112407  0.11673313]\n",
      " [ 0.00278029 -0.30449174  0.11673313  0.75745702]]\n",
      "\n",
      "Predictive distribution ~ N( -0.13849855328123473 , 1.495368286230693 )\n",
      "---------------------------------------------------------------\n",
      "Add data point ( 0.4824221310540533 , 2.0653412046722766 ):\n",
      "\n",
      "Postirior mean: \n",
      " [[1.16478317]\n",
      " [2.2967994 ]\n",
      " [1.91862217]\n",
      " [0.75184668]]\n",
      "\n",
      "Posterior variance: \n",
      " [[ 0.12047147 -0.03193997 -0.17128725  0.00487778]\n",
      " [-0.03193997  0.30989011  0.02807886 -0.30161319]\n",
      " [-0.17128725  0.02807886  0.57096891  0.11635683]\n",
      " [ 0.00487778 -0.30161319  0.11635683  0.7565444 ]]\n",
      "\n",
      "Predictive distribution ~ N( 2.888827692824264 , 1.1152230112902803 )\n",
      "---------------------------------------------------------------\n",
      "Add data point ( -0.44623682763386063 , -0.8856812171946049 ):\n",
      "\n",
      "Postirior mean: \n",
      " [[1.0466636 ]\n",
      " [2.45930921]\n",
      " [2.01348864]\n",
      " [0.63935033]]\n",
      "\n",
      "Posterior variance: \n",
      " [[ 0.11164566 -0.01979735 -0.1641989  -0.00352786]\n",
      " [-0.01979735  0.29318421  0.01832665 -0.29004864]\n",
      " [-0.1641989   0.01832665  0.56527597  0.12310773]\n",
      " [-0.00352786 -0.29004864  0.12310773  0.74853892]]\n",
      "\n",
      "Predictive distribution ~ N( 0.4551092171869027 , 1.1371885397614547 )\n",
      "---------------------------------------------------------------\n",
      "Add data point ( 0.8270251806054525 , 6.927342565646603 ):\n",
      "\n",
      "Postirior mean: \n",
      " [[1.01799814]\n",
      " [2.56646788]\n",
      " [2.47627306]\n",
      " [1.03734584]]\n",
      "\n",
      "Posterior variance: \n",
      " [[ 1.11386878e-01 -1.88299507e-02 -1.60020986e-01  6.51516211e-05]\n",
      " [-1.88299507e-02  2.89567809e-01  2.70857297e-03 -3.03480215e-01]\n",
      " [-1.60020986e-01  2.70857297e-03  4.97826456e-01  6.51010141e-02]\n",
      " [ 6.51516211e-05 -3.03480215e-01  6.51010141e-02  6.98653027e-01]]\n",
      "\n",
      "Predictive distribution ~ N( 4.819396894237348 , 1.3993947117322016 )\n",
      "---------------------------------------------------------------\n",
      "Add data point ( 0.5873130293461428 , 2.1958432670477026 ):\n",
      "\n",
      "Postirior mean: \n",
      " [[0.96103908]\n",
      " [2.45204168]\n",
      " [2.44286658]\n",
      " [1.05523687]]\n",
      "\n",
      "Posterior variance: \n",
      " [[ 1.09542005e-01 -2.25361546e-02 -1.61103004e-01  6.44632827e-04]\n",
      " [-2.25361546e-02  2.82122341e-01  5.34884984e-04 -3.02316084e-01]\n",
      " [-1.61103004e-01  5.34884984e-04  4.97191852e-01  6.54408797e-02]\n",
      " [ 6.44632827e-04 -3.02316084e-01  6.54408797e-02  6.98471010e-01]]\n",
      "\n",
      "Predictive distribution ~ N( 3.589626852860552 , 1.1046678406898836 )\n",
      "---------------------------------------------------------------\n",
      "Add data point ( -0.05647195015507522 , 0.3288156141887182 ):\n",
      "\n",
      "Postirior mean: \n",
      " [[0.91130738]\n",
      " [2.46936063]\n",
      " [2.51480769]\n",
      " [1.04721136]]\n",
      "\n",
      "Posterior variance: \n",
      " [[ 0.09860071 -0.01872587 -0.14527549 -0.00112103]\n",
      " [-0.01872587  0.28079542 -0.00497701 -0.30170119]\n",
      " [-0.14527549 -0.00497701  0.47429602  0.06799506]\n",
      " [-0.00112103 -0.30170119  0.06799506  0.69818607]]\n",
      "\n",
      "Predictive distribution ~ N( 0.830167964282968 , 1.1119579258955883 )\n",
      "---------------------------------------------------------------\n",
      "Add data point ( 0.40859728745742596 , 0.9959586425000317 ):\n",
      "\n",
      "Postirior mean: \n",
      " [[0.82415095]\n",
      " [2.37176972]\n",
      " [2.59786564]\n",
      " [1.13279399]]\n",
      "\n",
      "Posterior variance: \n",
      " [[ 9.44991110e-02 -2.33185174e-02 -1.41366770e-01  2.90650166e-03]\n",
      " [-2.33185174e-02  2.75652936e-01 -6.00332123e-04 -2.97191480e-01]\n",
      " [-1.41366770e-01 -6.00332123e-04  4.70571101e-01  6.41569219e-02]\n",
      " [ 2.90650166e-03 -2.97191480e-01  6.41569219e-02  6.94231266e-01]]\n",
      "\n",
      "Predictive distribution ~ N( 2.4115695700057174 , 1.0820365026999053 )\n",
      "---------------------------------------------------------------\n",
      "Add data point ( -0.2921470913838091 , -1.0169424528987554 ):\n",
      "\n",
      "Postirior mean: \n",
      " [[0.71604084]\n",
      " [2.48875082]\n",
      " [2.7222874 ]\n",
      " [1.03835684]]\n",
      "\n",
      "Posterior variance: \n",
      " [[ 0.08731362 -0.01554342 -0.13309714 -0.00337022]\n",
      " [-0.01554342  0.26723986 -0.00954853 -0.29039972]\n",
      " [-0.13309714 -0.00954853  0.46105375  0.07138067]\n",
      " [-0.00337022 -0.29039972  0.07138067  0.68874838]]\n",
      "\n",
      "Predictive distribution ~ N( 0.3247270446153182 , 1.1066612848881408 )\n",
      "---------------------------------------------------------------\n",
      "Add data point ( -0.13255824594993038 , 1.857195175495223 ):\n",
      "\n",
      "Postirior mean: \n",
      " [[0.82973332]\n",
      " [2.42284235]\n",
      " [2.56045888]\n",
      " [1.08377818]]\n",
      "\n",
      "Posterior variance: \n",
      " [[ 0.08037208 -0.01151936 -0.12321663 -0.00614344]\n",
      " [-0.01151936  0.26490707 -0.01527634 -0.28879206]\n",
      " [-0.12321663 -0.01527634  0.44698995  0.07532804]\n",
      " [-0.00614344 -0.28879206  0.07532804  0.68764045]]\n",
      "\n",
      "Predictive distribution ~ N( 0.4315529688487879 , 1.0914739169924568 )\n",
      "---------------------------------------------------------------\n",
      "Add data point ( -0.5130518869196761 , -0.8051086714870759 ):\n",
      "\n",
      "Postirior mean: \n",
      " [[0.78407233]\n",
      " [2.51674832]\n",
      " [2.56705117]\n",
      " [1.02616888]]\n",
      "\n",
      "Posterior variance: \n",
      " [[ 0.07765656 -0.00593464 -0.12282458 -0.00956954]\n",
      " [-0.00593464  0.25342159 -0.01608263 -0.28174597]\n",
      " [-0.12282458 -0.01608263  0.44693335  0.07582268]\n",
      " [-0.00956954 -0.28174597  0.07582268  0.68331782]]\n",
      "\n",
      "Predictive distribution ~ N( 0.11429857067562477 , 1.1009773520440602 )\n",
      "---------------------------------------------------------------\n",
      "Add data point ( -0.08937784191734655 , 1.306661661900903 ):\n",
      "\n",
      "Postirior mean: \n",
      " [[0.83615947]\n",
      " [2.49751416]\n",
      " [2.48753617]\n",
      " [1.03678032]]\n",
      "\n",
      "Posterior variance: \n",
      " [[ 0.07213029 -0.00389396 -0.1143883  -0.01069538]\n",
      " [-0.00389396  0.25266803 -0.01919789 -0.28133023]\n",
      " [-0.1143883  -0.01919789  0.43405472  0.07754136]\n",
      " [-0.01069538 -0.28133023  0.07754136  0.68308846]]\n",
      "\n",
      "Predictive distribution ~ N( 0.5789047506905057 , 1.0788081785529369 )\n",
      "---------------------------------------------------------------\n",
      "Add data point ( -0.5282303857168655 , -0.29541792454323246 ):\n",
      "\n",
      "Postirior mean: \n",
      " [[0.82193813]\n",
      " [2.53035496]\n",
      " [2.48577274]\n",
      " [1.01768699]]\n",
      "\n",
      "Posterior variance: \n",
      " [[ 7.03668165e-02  1.78353279e-04 -1.14606964e-01 -1.30629842e-02]\n",
      " [ 1.78353279e-04  2.43264006e-01 -1.86929289e-02 -2.75862819e-01]\n",
      " [-1.14606964e-01 -1.86929289e-02  4.34027605e-01  7.72477826e-02]\n",
      " [-1.30629842e-02 -2.75862819e-01  7.72477826e-02  6.79909755e-01]]\n",
      "\n",
      "Predictive distribution ~ N( 0.05817540729147763 , 1.0901711757320498 )\n",
      "---------------------------------------------------------------\n",
      "Add data point ( -0.4014002983911571 , -0.8496219427659608 ):\n",
      "\n",
      "Postirior mean: \n",
      " [[0.7733906 ]\n",
      " [2.60651903]\n",
      " [2.52463714]\n",
      " [0.95672698]]\n",
      "\n",
      "Posterior variance: \n",
      " [[ 0.06778526  0.00422844 -0.11254032 -0.01630458]\n",
      " [ 0.00422844  0.23691    -0.0219352  -0.27077722]\n",
      " [-0.11254032 -0.0219352   0.43237317  0.07984282]\n",
      " [-0.01630458 -0.27077722  0.07984282  0.67583936]]\n",
      "\n",
      "Predictive distribution ~ N( 0.14094766844289913 , 1.0747735254293047 )\n",
      "---------------------------------------------------------------\n",
      "Add data point ( 0.4857917580436333 , 5.212759675627873 ):\n",
      "\n",
      "Postirior mean: \n",
      " [[0.8686241 ]\n",
      " [2.79761871]\n",
      " [2.49702826]\n",
      " [0.83824042]]\n",
      "\n",
      "Posterior variance: \n",
      " [[ 0.06618709  0.00102148 -0.112077   -0.01431618]\n",
      " [ 0.00102148  0.23047477 -0.02100548 -0.26678722]\n",
      " [-0.112077   -0.02100548  0.43223884  0.07926637]\n",
      " [-0.01431618 -0.26678722  0.07926637  0.67336545]]\n",
      "\n",
      "Predictive distribution ~ N( 2.7450971297884057 , 1.073039676775411 )\n",
      "---------------------------------------------------------------\n",
      "Add data point ( -0.9212714332509813 , -1.1416702389203643 ):\n",
      "\n",
      "Postirior mean: \n",
      " [[0.88095952]\n",
      " [2.81117278]\n",
      " [2.35696312]\n",
      " [0.98861868]]\n",
      "\n",
      "Posterior variance: \n",
      " [[ 0.0659301   0.00073909 -0.10915891 -0.01744914]\n",
      " [ 0.00073909  0.23016449 -0.0177991  -0.27022968]\n",
      " [-0.10915891 -0.0177991   0.39910478  0.11484013]\n",
      " [-0.01744914 -0.27022968  0.11484013  0.63517237]]\n",
      "\n",
      "Predictive distribution ~ N( -0.24484938993617944 , 1.3583947573615203 )\n",
      "---------------------------------------------------------------\n",
      "Add data point ( 0.479964668445771 , 5.053992480690926 ):\n",
      "\n",
      "Postirior mean: \n",
      " [[0.960704  ]\n",
      " [2.96824746]\n",
      " [2.33039307]\n",
      " [0.88598124]]\n",
      "\n",
      "Posterior variance: \n",
      " [[ 0.06449021 -0.00209708 -0.10867915 -0.01559589]\n",
      " [-0.00209708  0.22457801 -0.01685412 -0.2665793 ]\n",
      " [-0.10867915 -0.01685412  0.39894493  0.11422264]\n",
      " [-0.01559589 -0.2665793   0.11422264  0.6327871 ]]\n",
      "\n",
      "Predictive distribution ~ N( 2.8824966720458636 , 1.0676878356318993 )\n",
      "---------------------------------------------------------------\n",
      "Add data point ( 0.6430198840041608 , 3.3054923168720878 ):\n",
      "\n",
      "Postirior mean: \n",
      " [[0.95090274]\n",
      " [2.92330519]\n",
      " [2.27754566]\n",
      " [0.86614255]]\n",
      "\n",
      "Posterior variance: \n",
      " [[ 0.0643096  -0.00292523 -0.10965296 -0.01596146]\n",
      " [-0.00292523  0.22078067 -0.02131939 -0.26825555]\n",
      " [-0.10965296 -0.02131939  0.39369423  0.11225155]\n",
      " [-0.01596146 -0.26825555  0.11225155  0.63204716]]\n",
      "\n",
      "Predictive distribution ~ N( 4.068462352427209 , 1.094421846135085 )\n",
      "---------------------------------------------------------------\n",
      "Add data point ( -0.8416512571205736 , -1.048849066548648 ):\n",
      "\n",
      "Postirior mean: \n",
      " [[0.95165555]\n",
      " [2.94712751]\n",
      " [2.21231036]\n",
      " [0.91361019]]\n",
      "\n",
      "Posterior variance: \n",
      " [[ 0.06430796 -0.00297718 -0.1095107  -0.01606498]\n",
      " [-0.00297718  0.21913667 -0.01681747 -0.27153132]\n",
      " [-0.1095107  -0.01681747  0.38136611  0.12122196]\n",
      " [-0.01606498 -0.27153132  0.12122196  0.62551996]]\n",
      "\n",
      "Predictive distribution ~ N( -0.4125397652783389 , 1.1729196241368425 )\n",
      "---------------------------------------------------------------\n",
      "Add data point ( -0.9137906643062073 , -1.1328128123029155 ):\n",
      "\n",
      "Postirior mean: \n",
      " [[0.95706561]\n",
      " [2.95161314]\n",
      " [2.15365123]\n",
      " [0.9776997 ]]\n",
      "\n",
      "Posterior variance: \n",
      " [[ 0.06418653 -0.00307786 -0.1081941  -0.01750346]\n",
      " [-0.00307786  0.2190532  -0.01572584 -0.272724  ]\n",
      " [-0.1081941  -0.01572584  0.36709072  0.13681889]\n",
      " [-0.01750346 -0.272724    0.13681889  0.60847914]]\n",
      "\n",
      "Predictive distribution ~ N( -0.591202948528716 , 1.2169974456715447 )\n",
      "---------------------------------------------------------------\n",
      "Add data point ( 0.07698377617738594 , 0.0664470156085093 ):\n",
      "\n",
      "Postirior mean: \n",
      " [[0.88975651]\n",
      " [2.93718584]\n",
      " [2.26760467]\n",
      " [1.01747914]]\n",
      "\n",
      "Posterior variance: \n",
      " [[ 0.06041953 -0.00388529 -0.1018166  -0.01527717]\n",
      " [-0.00388529  0.21888013 -0.01435886 -0.27224681]\n",
      " [-0.1018166  -0.01435886  0.35629371  0.13304981]\n",
      " [-0.01527717 -0.27224681  0.13304981  0.60716342]]\n",
      "\n",
      "Predictive distribution ~ N( 1.197501621003962 , 1.0636927185628762 )\n",
      "---------------------------------------------------------------\n",
      "Add data point ( 0.7424618948094637 , 6.618453750828266 ):\n",
      "\n",
      "Postirior mean: \n",
      " [[0.8817849 ]\n",
      " [3.00183135]\n",
      " [2.49532962]\n",
      " [1.18933668]]\n",
      "\n",
      "Posterior variance: \n",
      " [[ 0.060399   -0.00371886 -0.10123029 -0.0148347 ]\n",
      " [-0.00371886  0.21753039 -0.01911354 -0.27583503]\n",
      " [-0.10123029 -0.01911354  0.33954453  0.12040968]\n",
      " [-0.0148347  -0.27583503  0.12040968  0.59762427]]\n",
      "\n",
      "Predictive distribution ~ N( 4.736957154771802 , 1.143349974022117 )\n",
      "---------------------------------------------------------------\n",
      "Add data point ( -0.30463248925570285 , -0.6171452575725328 ):\n",
      "\n",
      "Postirior mean: \n",
      " [[0.84313675]\n",
      " [3.0488659 ]\n",
      " [2.54482034]\n",
      " [1.14266152]]\n",
      "\n",
      "Posterior variance: \n",
      " [[ 5.78029175e-02 -5.59437648e-04 -9.79058851e-02 -1.79699751e-02]\n",
      " [-5.59437648e-04  2.13685401e-01 -2.31593186e-02 -2.72019422e-01]\n",
      " [-9.79058851e-02 -2.31593186e-02  3.35287475e-01  1.24424542e-01]\n",
      " [-1.79699751e-02 -2.72019422e-01  1.24424542e-01  5.93837813e-01]]\n",
      "\n",
      "Predictive distribution ~ N( 0.16527574558104793 , 1.0640017140632148 )\n",
      "---------------------------------------------------------------\n",
      "Add data point ( 0.255307865599947 , 2.5309418346021104 ):\n",
      "\n",
      "Postirior mean: \n",
      " [[0.87808478]\n",
      " [3.0817439 ]\n",
      " [2.49005083]\n",
      " [1.09506765]]\n",
      "\n",
      "Posterior variance: \n",
      " [[ 0.05534385 -0.00287285 -0.09405211 -0.0146211 ]\n",
      " [-0.00287285  0.21150902 -0.01953381 -0.26886891]\n",
      " [-0.09405211 -0.01953381  0.32924795  0.11917629]\n",
      " [-0.0146211  -0.26886891  0.11917629  0.58927716]]\n",
      "\n",
      "Predictive distribution ~ N( 1.8064285549614976 , 1.0568608615760617 )\n",
      "---------------------------------------------------------------\n",
      "Add data point ( -0.9871850846025716 , -5.080348126364415 ):\n",
      "\n",
      "Postirior mean: \n",
      " [[0.94346532]\n",
      " [2.98758022]\n",
      " [2.04732495]\n",
      " [1.76860533]]\n",
      "\n",
      "Posterior variance: \n",
      " [[ 0.05504798 -0.00244672 -0.09204859 -0.01766914]\n",
      " [-0.00244672  0.21089529 -0.02241936 -0.264479  ]\n",
      " [-0.09204859 -0.02241936  0.31568106  0.13981617]\n",
      " [-0.01766914 -0.264479    0.13981617  0.55787682]]\n",
      "\n",
      "Predictive distribution ~ N( -0.7910319096697922 , 1.2734637268592077 )\n",
      "---------------------------------------------------------------\n",
      "Add data point ( 0.6527363917456566 , 5.136363467450263 ):\n",
      "\n",
      "Postirior mean: \n",
      " [[0.95105655]\n",
      " [3.0300291 ]\n",
      " [2.10166421]\n",
      " [1.78849643]]\n",
      "\n",
      "Posterior variance: \n",
      " [[ 0.05496747 -0.00289691 -0.09262488 -0.0178801 ]\n",
      " [-0.00289691  0.20837791 -0.02564187 -0.26565861]\n",
      " [-0.09262488 -0.02564187  0.31155589  0.13830613]\n",
      " [-0.0178801  -0.26565861  0.13830613  0.55732407]]\n",
      "\n",
      "Predictive distribution ~ N( 4.257724028572326 , 1.0785399573314876 )\n",
      "---------------------------------------------------------------\n",
      "Add data point ( 0.9747712906434709 , 10.787653255176698 ):\n",
      "\n",
      "Postirior mean: \n",
      " [[0.83920901]\n",
      " [2.88027523]\n",
      " [2.75557716]\n",
      " [2.57950613]]\n",
      "\n",
      "Posterior variance: \n",
      " [[ 0.05315177 -0.00532796 -0.08200946 -0.0050391 ]\n",
      " [-0.00532796  0.20512295 -0.01142878 -0.24846566]\n",
      " [-0.08200946 -0.01142878  0.24949322  0.06323166]\n",
      " [-0.0050391  -0.24846566  0.06323166  0.46650978]]\n",
      "\n",
      "Predictive distribution ~ N( 7.558117672359167 , 1.5138077556069587 )\n",
      "---------------------------------------------------------------\n",
      "Add data point ( -0.594140566291175 , -0.17447781596171813 ):\n",
      "\n",
      "Postirior mean: \n",
      " [[0.84633062]\n",
      " [2.86045155]\n",
      " [2.75547466]\n",
      " [2.59630826]]\n",
      "\n",
      "Posterior variance: \n",
      " [[ 0.05239043 -0.00320869 -0.08199851 -0.00683535]\n",
      " [-0.00320869  0.19922373 -0.01145928 -0.24346561]\n",
      " [-0.08199851 -0.01145928  0.24949306  0.06325751]\n",
      " [-0.00683535 -0.24346561  0.06325751  0.46227184]]\n",
      "\n",
      "Predictive distribution ~ N( -0.4403609209820655 , 1.0612248962272566 )\n",
      "---------------------------------------------------------------\n",
      "Add data point ( -0.24410990909614627 , -2.037240920144158 ):\n",
      "\n",
      "Postirior mean: \n",
      " [[0.74037798]\n",
      " [2.9677084 ]\n",
      " [2.89836157]\n",
      " [2.48760702]]\n",
      "\n",
      "Posterior variance: \n",
      " [[ 0.05017274 -0.0009637  -0.07900775 -0.00911057]\n",
      " [-0.0009637   0.19695111 -0.01448685 -0.24116238]\n",
      " [-0.07900775 -0.01448685  0.24545975  0.06632585]\n",
      " [-0.00911057 -0.24116238  0.06632585  0.4599376 ]]\n",
      "\n",
      "Predictive distribution ~ N( 0.27449681425444955 , 1.0557333853217379 )\n",
      "---------------------------------------------------------------\n",
      "Add data point ( 0.012988975577022277 , 1.9841133976605694 ):\n",
      "\n",
      "Postirior mean: \n",
      " [[0.79790439]\n",
      " [2.96953413]\n",
      " [2.80755896]\n",
      " [2.47357632]]\n",
      "\n",
      "Posterior variance: \n",
      " [[ 0.04777813 -0.0010397  -0.07522797 -0.00852653]\n",
      " [-0.0010397   0.19694869 -0.01436689 -0.24114384]\n",
      " [-0.07522797 -0.01436689  0.23949356  0.06540397]\n",
      " [-0.00852653 -0.24114384  0.06540397  0.45979515]]\n",
      "\n",
      "Predictive distribution ~ N( 0.7794199112453807 , 1.0501541600802968 )\n",
      "---------------------------------------------------------------\n",
      "Add data point ( -0.0653804242863345 , 0.6366680552832908 ):\n",
      "\n",
      "Postirior mean: \n",
      " [[0.79888399]\n",
      " [2.96924742]\n",
      " [2.80604849]\n",
      " [2.47372865]]\n",
      "\n",
      "Posterior variance: \n",
      " [[ 4.56230252e-02 -4.08935027e-04 -7.19049575e-02 -8.86165442e-03]\n",
      " [-4.08935027e-04  1.96764082e-01 -1.53394845e-02 -2.41045757e-01]\n",
      " [-7.19049575e-02 -1.53394845e-02  2.34369700e-01  6.59207085e-02]\n",
      " [-8.86165442e-03 -2.41045757e-01  6.59207085e-02  4.59743033e-01]]\n",
      "\n",
      "Predictive distribution ~ N( 0.615064879605081 , 1.048121056206292 )\n",
      "---------------------------------------------------------------\n",
      "Add data point ( -0.543571811984499 , 0.21502383161448946 ):\n",
      "\n",
      "Postirior mean: \n",
      " [[0.81366423]\n",
      " [2.92768173]\n",
      " [2.80326257]\n",
      " [2.51223871]]\n",
      "\n",
      "Posterior variance: \n",
      " [[ 0.04498021  0.00139883 -0.07178379 -0.01053652]\n",
      " [ 0.00139883  0.19168021 -0.01568023 -0.23633561]\n",
      " [-0.07178379 -0.01568023  0.23434686  0.0662364 ]\n",
      " [-0.01053652 -0.23633561  0.0662364   0.45537915]]\n",
      "\n",
      "Predictive distribution ~ N( -0.383315092834883 , 1.0534637169753605 )\n",
      "---------------------------------------------------------------\n",
      "Add data point ( -0.2053918744036558 , 0.4369396107435537 ):\n",
      "\n",
      "Postirior mean: \n",
      " [[0.81877601]\n",
      " [2.92320304]\n",
      " [2.79600903]\n",
      " [2.51675032]]\n",
      "\n",
      "Posterior variance: \n",
      " [[ 0.04331404  0.00285864 -0.06941953 -0.01200706]\n",
      " [ 0.00285864  0.19040119 -0.01775167 -0.2350472 ]\n",
      " [-0.06941953 -0.01775167  0.23099202  0.06832308]\n",
      " [-0.01200706 -0.2350472   0.06832308  0.45408126]]\n",
      "\n",
      "Predictive distribution ~ N( 0.3088325213766835 , 1.0464512113719124 )\n",
      "---------------------------------------------------------------\n",
      "Add data point ( 0.9513620089303527 , 7.526512204884532 ):\n",
      "\n",
      "Postirior mean: \n",
      " [[0.83497655]\n",
      " [2.9437756 ]\n",
      " [2.68759722]\n",
      " [2.38707317]]\n",
      "\n",
      "Posterior variance: \n",
      " [[ 0.04274386  0.00213458 -0.06560397 -0.00744306]\n",
      " [ 0.00213458  0.18948174 -0.0129064  -0.22925151]\n",
      " [-0.06560397 -0.0129064   0.20545875  0.03778137]\n",
      " [-0.00744306 -0.22925151  0.03778137  0.41754869]]\n",
      "\n",
      "Predictive distribution ~ N( 8.297532213028294 , 1.2914707737722837 )\n",
      "---------------------------------------------------------------\n",
      "Add data point ( -0.7265002659835296 , 0.7113992635369994 ):\n",
      "\n",
      "Postirior mean: \n",
      " [[0.84839352]\n",
      " [2.86626055]\n",
      " [2.74132534]\n",
      " [2.41404733]]\n",
      "\n",
      "Posterior variance: \n",
      " [[ 0.04266026  0.00261761 -0.06593877 -0.00761115]\n",
      " [ 0.00261761  0.18669108 -0.01097211 -0.2282804 ]\n",
      " [-0.06593877 -0.01097211  0.20411803  0.03710826]\n",
      " [-0.00761115 -0.2282804   0.03710826  0.41721076]]\n",
      "\n",
      "Predictive distribution ~ N( -0.8004765445028211 , 1.0616139995648342 )\n",
      "---------------------------------------------------------------\n",
      "Add data point ( 0.10685539909487574 , 0.8002755054525771 ):\n",
      "\n",
      "Postirior mean: \n",
      " [[0.83268895]\n",
      " [2.85800841]\n",
      " [2.76542903]\n",
      " [2.42561653]]\n",
      "\n",
      "Posterior variance: \n",
      " [[ 0.04095589  0.00172204 -0.06332287 -0.00635558]\n",
      " [ 0.00172204  0.18622049 -0.00959756 -0.22762065]\n",
      " [-0.06332287 -0.00959756  0.2001031   0.03518119]\n",
      " [-0.00635558 -0.22762065  0.03518119  0.41628581]]\n",
      "\n",
      "Predictive distribution ~ N( 1.1889149389587264 , 1.0437689312432428 )\n",
      "---------------------------------------------------------------\n",
      "Add data point ( 0.32928478152260143 , 2.3643681916193477 ):\n",
      "\n",
      "Postirior mean: \n",
      " [[0.83941297]\n",
      " [2.86852976]\n",
      " [2.75692778]\n",
      " [2.41338519]]\n",
      "\n",
      "Posterior variance: \n",
      " [[ 3.98217432e-02 -5.26088588e-05 -6.18889600e-02 -4.29250859e-03]\n",
      " [-5.26088588e-05  1.83443634e-01 -7.35385758e-03 -2.24392479e-01]\n",
      " [-6.18889600e-02 -7.35385758e-03  1.98290188e-01  3.25728327e-02]\n",
      " [-4.29250859e-03 -2.24392479e-01  3.25728327e-02  4.12532983e-01]]\n",
      "\n",
      "Predictive distribution ~ N( 2.160242688087167 , 1.045213861315015 )\n",
      "---------------------------------------------------------------\n",
      "Add data point ( 0.6977275003641217 , 4.150896056234384 ):\n",
      "\n",
      "Postirior mean: \n",
      " [[0.832824  ]\n",
      " [2.82983692]\n",
      " [2.72431527]\n",
      " [2.4173033 ]]\n",
      "\n",
      "Posterior variance: \n",
      " [[ 0.03975833 -0.00042497 -0.06220281 -0.0042548 ]\n",
      " [-0.00042497  0.18125697 -0.0091969  -0.22417105]\n",
      " [-0.06220281 -0.0091969   0.19673677  0.03275946]\n",
      " [-0.0042548  -0.22417105  0.03275946  0.41251056]]\n",
      "\n",
      "Predictive distribution ~ N( 5.002757927248932 , 1.0598853977005602 )\n",
      "---------------------------------------------------------------\n",
      "Add data point ( 0.3969675770917418 , 2.2209410352988264 ):\n",
      "\n",
      "Postirior mean: \n",
      " [[0.82388419]\n",
      " [2.81286183]\n",
      " [2.73424854]\n",
      " [2.43616213]]\n",
      "\n",
      "Posterior variance: \n",
      " [[ 0.03892252 -0.00201203 -0.06127411 -0.00249162]\n",
      " [-0.00201203  0.17824343 -0.00743347 -0.22082309]\n",
      " [-0.06127411 -0.00743347  0.19570487  0.03080035]\n",
      " [-0.00249162 -0.22082309  0.03080035  0.40879108]]\n",
      "\n",
      "Predictive distribution ~ N( 2.536699463167431 , 1.042708908275157 )\n",
      "---------------------------------------------------------------\n",
      "Add data point ( -0.3354474082578769 , 2.2260863502847266 ):\n",
      "\n",
      "Postirior mean: \n",
      " [[0.89076682]\n",
      " [2.70211782]\n",
      " [2.65691472]\n",
      " [2.55774277]]\n",
      "\n",
      "Posterior variance: \n",
